P1
# une image de pomme en noir et blanc
16 16
1 1 1 1 1 1 1 1 1 0 0 1 1 1 1 1
1 1 1 1 1 1 1 1 0 1 1 0 1 1 1 1
1 1 1 1 1 1 1 0 1 1 1 1 1 1 1 1
1 1 1 1 1 1 1 0 1 1 1 1 1 1 1 1
1 1 1 1 0 0 1 0 1 0 0 0 1 1 1 1
1 1 1 0 1 0 0 0 0 0 1 1 0 1 1 1
1 1 0 1 1 1 1 1 1 1 1 1 1 0 1 1
1 0 0 1 1 1 1 1 1 1 1 1 1 0 1 1
1 0 1 1 1 1 1 1 1 1 1 1 1 1 0 1
1 0 1 1 1 1 1 1 1 1 1 1 1 1 0 1
1 0 1 1 1 1 1 1 1 1 1 1 1 1 0 1
1 0 1 1 1 1 1 1 1 1 1 1 1 1 0 1
1 0 1 1 1 1 1 1 1 1 1 1 1 0 1 1
1 1 0 1 1 1 1 1 1 1 1 1 0 1 1 1
1 1 1 0 1 1 0 0 0 1 1 0 1 1 1 1
1 1 1 1 0 0 0 1 0 0 0 1 1 1 1 1
